%YAML:1.0
---
K: !!opencv-matrix
   rows: 3
   cols: 3
   dt: d
   data: [ 906.68996421, 0., 287.22730971, 0., 
            908.66939857, 251.65106601, 0., 0., 1. ]
D: !!opencv-matrix
   rows: 1
   cols: 5
   dt: d
   data: [ 4.53103517e-01, -7.19460195e+00,
       2.01285292e-03, 5.84182242e-04,
       7.29508626e+01 ]
